latitude,longitude,voltage,type
52.33682499999999,4.874675,399.2207,L_station
52.299662162162164,4.960562162162162,398.38590000000005,L_station
52.30192804878049,4.96445487804878,398.45689999999996,L_station
52.29671627906977,4.9678,399.46050000000014,L_station
52.323374603174614,4.974988888888889,399.91290000000004,L_station
52.403333333333336,5.020333333333333,395.85429999999997,L_station
52.317831147541014,4.981111475409839,399.9120000000001,L_station
52.397885714285714,4.764557142857143,283.9529,L_station
52.29570847457629,4.984910169491526,399.50270000000006,L_station
52.38425,4.995040909090908,229.52489999999997,L_station
52.40935999999999,4.964746666666667,171.5289,L_station
52.31946111111111,4.9438555555555554,396.8366999999999,L_station
52.32158000000002,4.966053999999999,399.64480000000003,L_station
52.392199999999995,4.871484615384616,399.1854,L_station
52.30323157894736,5.0024500000000005,236.97240000000005,L_station
52.29658732394367,4.978474647887323,398.3612999999999,L_station
52.36252666666666,4.933226666666665,397.6339,L_station
52.389973333333316,4.8506866666666655,399.98580000000004,L_station
52.35964444444445,4.877355555555556,385.41979999999995,L_station
52.37428571428571,4.969971428571428,293.2998,L_station
52.37035000000001,4.929962499999999,399.0859,L_station
52.36061666666667,4.826643333333333,395.9495,L_station
52.368688235294115,4.89099411764706,398.51879999999994,L_station
52.29229875000001,4.972801249999998,399.7146,L_station
52.310525531914884,4.955402127659574,399.9803000000001,L_station
52.34577045454545,4.808870454545455,399.99399999999986,L_station
52.36358181818182,4.8845,394.9756,L_station
52.36382857142858,4.986042857142857,374.2416999999999,L_station
52.29483281250002,4.9906625,398.5339,L_station
52.40321666666667,4.801716666666667,346.9892,L_station
52.35928928571428,4.891171428571427,392.59150000000005,L_station
52.3664075,4.8370325,397.7365,L_station
52.38902,4.77724,358.951,L_station
52.345993750000005,4.85511875,398.2332,L_station
52.350234374999985,4.853684374999999,397.3129,L_station
52.40747586206895,4.893731034482757,398.6863,L_station
52.316619230769234,4.971525,398.5376,L_station
52.36409090909091,4.954863636363636,390.28880000000004,L_station
52.41700909090909,4.867727272727273,285.8155,L_station
52.362210714285716,4.837525,395.9218000000001,L_station
52.37344166666668,4.770875000000001,257.0705,L_station
52.355116666666675,4.851166666666667,395.4214999999999,L_station
52.347002272727266,4.813429545454546,399.7364,L_station
52.374455555555556,4.892516666666666,399.7663999999999,L_station
52.39298070175439,4.960419298245616,396.6588,L_station
52.350533333333324,5.014366666666667,381.8568,L_station
52.363890196078444,4.830323529411764,399.00329999999997,L_station
52.376081250000006,4.83875,398.841,L_station
52.35630877192984,4.822371929824561,388.7753000000002,L_station
52.35789333333334,4.93138,397.52129999999994,L_station
52.384952000000006,4.824444000000001,399.7089,L_station
52.308262500000005,4.979585227272728,398.49860000000007,L_station
52.402633333333334,4.893133333333334,398.05479999999994,L_station
52.36159428571428,4.865925714285713,396.50660000000005,L_station
52.40632195121951,4.90038780487805,396.7495000000001,L_station
52.3712625,4.9639500000000005,379.2004,L_station
52.36635789473685,4.8851157894736845,399.9571000000001,L_station
52.39248888888889,4.899755555555556,396.75879999999995,L_station
52.36538611111111,4.932433333333332,399.25349999999986,L_station
52.35590555555555,4.890538888888887,396.77990000000005,L_station
52.342974,4.926289999999999,397.7673,L_station
52.35601818181818,4.895454545454545,397.0701999999999,L_station
52.38209574468085,4.797402127659575,334.5069,L_station
52.36393103448277,4.92688620689655,399.2792999999999,L_station
52.40593636363637,4.931345454545454,398.65629999999993,L_station
52.39660000000001,4.839545454545455,341.3119,L_station
52.35453518518521,4.813185185185186,396.7103,L_station
52.39752,4.9398599999999995,398.7945,L_station
52.36141176470589,4.978229411764706,394.30100000000004,L_station
52.390384444444436,4.9564488888888905,397.38399999999984,L_station
52.3729,4.927884615384615,399.1525999999999,L_station
52.39117272727274,4.787918181818182,385.69049999999993,L_station
52.35774411764707,4.801805882352943,398.2396000000001,L_station
52.359580392156865,4.939627450980393,396.4239,L_station
52.353526923076934,4.827742307692307,399.2274000000001,L_station
52.41062698412698,4.898714285714286,336.1684999999998,L_station
52.34142894736844,4.945393421052633,399.76329999999996,L_station
52.358767647058855,4.783952941176469,398.7493000000001,L_station
52.37985833333334,4.859933333333334,397.9787000000002,L_station
52.38281785714286,4.80589642857143,399.7367999999999,L_station
52.41578333333333,4.825616666666666,311.1597,L_station
52.35912444444444,4.860822222222223,397.6692,L_station
52.38020243902437,4.847636585365854,398.5563,L_station
52.3945794117647,4.95800882352941,399.16920000000005,L_station
52.35541071428571,4.883839285714285,399.8017,L_station
52.364959999999996,4.935448571428573,399.5320000000001,L_station
52.33174,4.8101199999999995,92.92840000000001,L_station
52.35303913043478,4.880969565217392,387.4183999999999,L_station
52.34905806451614,4.939359677419356,399.47200000000015,L_station
52.36111000000001,4.862405000000002,398.6821,L_station
52.37078611111112,4.936755555555553,396.29630000000003,L_station
52.354993333333326,4.928719999999999,397.7684,L_station
52.35167499999999,4.774232142857144,387.0986,L_station
52.412146874999976,4.890551562500002,398.9084,L_station
52.34704142857143,4.933881428571431,396.81259999999986,L_station
52.352440625000014,4.800628124999999,388.2063,L_station
52.35659032258065,4.898596774193548,398.4484,L_station
52.35929393939394,4.835642424242424,363.7462,L_station
52.37918421052632,4.805142105263156,399.54259999999994,L_station
52.398782608695655,4.93271304347826,398.7316,L_station
52.36160810810812,4.841191891891893,398.1767,L_station
52.376533333333334,4.933141666666665,399.4894,L_station
52.36380487804878,4.864131707317075,398.94399999999985,L_station
52.348476,4.783024000000001,390.8601,L_station
52.384229999999995,4.832676666666669,397.3718,L_station
52.39108604651162,4.908567441860464,398.8968000000001,L_station
52.38151666666667,4.856797619047619,398.56469999999996,L_station
52.34954230769232,4.849161538461541,398.02659999999986,L_station
52.36250625000001,4.79210625,397.75059999999996,L_station
52.391473333333344,4.905246666666667,398.9605,L_station
52.349613157894744,4.830136842105262,398.8138,L_station
52.36280204081632,4.938093877551019,399.2178,L_station
52.35249696969698,4.856796969696969,398.1425,L_station
52.32620961538461,4.885784615384616,398.0629,L_station
52.38976923076925,4.912873076923077,399.61440000000005,L_station
52.40249218750002,4.939459375,399.6127,L_station
52.33144137931032,4.887162068965517,399.74160000000006,L_station
52.34663783783786,4.818424324324323,398.3088000000001,L_station
52.36032647058822,4.944052941176471,398.935,L_station
52.41763599999999,4.9035459999999995,394.67839999999995,L_station
52.35546756756758,4.7800918918918915,376.5518,L_station
52.39364166666664,4.928308333333334,397.9212,L_station
52.3812448275862,4.842006896551724,399.5068,L_station
52.36054285714287,4.926769387755102,399.75980000000004,L_station
52.33972,4.91866,399.9931,L_station
52.3866,4.9063,398.1596,L_station
52.40671999999999,4.857,207.4327,L_station
52.38315348837209,4.911648837209301,299.78670000000005,L_station
52.37909500000001,4.893815,398.84209999999996,L_station
52.34456764705882,4.803455882352941,391.2333,L_station
52.35330749999999,4.926215000000001,397.0656,L_station
52.382242105263174,4.816171929824561,373.7754999999999,L_station
52.41239,4.885136666666666,399.05189999999993,L_station
52.41650175438597,4.879984210526316,372.5199,L_station
52.356015,4.804529999999998,398.8511,L_station
52.405570909090905,4.911165454545455,375.61940000000004,L_station
52.379775,4.831563235294118,397.3503999999999,L_station
52.34677317073171,4.789468292682926,398.1022000000001,L_station
52.35139743589744,4.806187179487179,377.66619999999995,L_station
52.343811111111116,4.794230555555555,381.89599999999996,L_station
52.34877727272726,4.845901515151516,397.3347999999999,L_station
52.332388235294125,4.856999999999999,276.90279999999996,L_station
52.37180399999998,4.921024000000001,392.33129999999994,L_station
52.36132045454544,4.802493181818182,399.96739999999994,L_station
52.41750754716982,4.891811320754717,399.9599999999999,L_station
52.376206779661025,4.8163508474576275,366.1781000000001,L_station
52.36815882352942,4.952682352941175,392.91849999999994,L_station
52.398456666666654,4.929243333333334,399.3485999999999,L_station
52.342802083333346,4.893875,397.00239999999985,L_station
52.38186808510639,4.837317021276595,397.51950000000005,L_station
52.36619375000001,4.88784375,398.41309999999993,L_station
52.34105789473683,4.869039473684209,357.588,L_station
52.36001739130434,4.8580934782608685,397.9869,L_station
52.39753134328359,4.91664328358209,282.26599999999996,L_station
52.3514425,4.893920000000001,399.28979999999996,L_station
52.397925862068924,4.952805172413792,399.1395,L_station
52.36833947368421,4.8735921052631594,394.86339999999996,L_station
52.37911176470588,4.927279411764705,348.06299999999993,L_station
52.36359428571429,4.924128571428572,396.79099999999994,L_station
52.35583269230772,4.830800000000001,398.81940000000003,L_station
52.42079682539683,4.897463492063491,398.14930000000004,L_station
52.348322413793106,4.86978448275862,399.48260000000005,L_station
52.42214680851064,4.887563829787234,377.13290000000006,L_station
52.38767441860466,4.908906976744187,399.6244,L_station
52.32225192307693,4.948165384615387,396.73240000000004,L_station
52.40711666666666,4.888916666666666,398.91119999999995,L_station
52.3900734939759,4.946959036144579,374.28340000000003,L_station
52.393878571428566,4.953524999999999,399.55490000000003,L_station
52.32610444444443,4.8807422222222225,398.58690000000007,L_station
52.344663265306124,4.8763000000000005,398.8755,L_station
52.361234426229515,4.935421311475409,398.58719999999994,L_station
52.37613913043477,4.861008695652174,397.1276999999999,L_station
52.373417241379315,4.831944827586206,397.2311,L_station
52.37387222222222,4.8999500000000005,396.3196,L_station
52.3731125,4.884820833333333,399.92960000000005,L_station
52.408415151515165,4.914930303030303,399.3910000000001,L_station
52.35260000000002,4.862105714285714,397.63730000000004,L_station
52.36468666666666,4.945097777777778,398.5030999999999,L_station
52.31603684210527,4.956752631578947,397.70849999999996,L_station
52.35490540540541,4.888786486486489,397.38020000000006,L_station
52.383045454545474,4.868372727272727,397.155,L_station
52.375049999999995,4.898741666666667,398.0035,L_station
52.32608070175439,4.875645614035087,399.1422,L_station
52.35319642857144,4.837592857142858,399.9378,L_station
52.354324999999996,4.899953124999998,398.56589999999994,L_station
52.35361176470587,4.785276470588236,396.4554,L_station
52.35298088235295,4.918141176470589,382.88790000000006,L_station
52.39507,4.90724,396.96190000000007,L_station
52.36243636363638,4.942160606060606,399.4673,L_station
52.37176904761904,4.881185714285714,397.95489999999995,L_station
52.343053333333344,4.845826666666666,390.21739999999994,L_station
52.38439452054794,4.916423287671234,398.3977,L_station
52.330108888888894,4.869413333333333,399.46270000000004,L_station
52.353666666666676,4.846615151515152,399.9685,L_station
52.33421249999999,4.9060875,326.3799,L_station
52.37599166666667,4.896583333333334,391.44559999999996,L_station
52.3712534883721,4.856225581395349,399.73460000000006,L_station
52.36962,4.8695759999999995,397.28860000000003,L_station
52.36526097560974,4.939058536585366,399.0259000000001,L_station
52.35677297297299,4.908445945945947,399.2161,L_station
52.325830769230755,4.859084615384616,398.61549999999994,L_station
52.377775471698115,4.85682641509434,399.06769999999995,L_station
52.3588294117647,4.8950941176470595,394.80679999999995,L_station
52.3938530120482,4.949426506024097,398.5144000000001,L_station
52.37785,4.896014285714286,389.61789999999996,L_station
52.35997368421053,4.881915789473683,384.94499999999994,L_station
52.34490476190476,4.82482857142857,351.13659999999993,L_station
52.38475555555554,4.963983333333333,339.8875999999999,L_station
52.374113513513514,4.880002702702702,395.4701999999999,L_station
52.39536071428569,4.935682142857142,398.85589999999996,L_station
52.3437641025641,4.922438461538461,398.3119,L_station
52.348481481481485,4.880566666666668,354.14009999999996,L_station
52.37491904761904,4.890719047619048,397.50550000000004,L_station
52.37645,4.9070100000000005,378.9563,L_station
52.38831458333335,4.926068749999998,399.91979999999995,L_station
52.366670270270276,4.871281081081081,398.8538,L_station
52.39283272727272,4.940434545454544,397.95599999999996,L_station
52.378769230769244,4.8698,398.2634,L_station
52.383060416666666,4.849275,395.9245,L_station
52.37778,4.84138,399.17509999999993,L_station
52.32621578947369,4.8646236842105255,327.9149999999999,L_station
52.36396428571429,4.8607595238095245,398.3389,L_station
52.338724074074065,4.9480148148148135,311.4740000000001,L_station
52.35679591836734,4.91788163265306,390.27559999999994,L_station
52.394442857142856,4.878842857142857,338.3714,L_station
52.362550000000006,4.873604166666666,397.82460000000003,L_station
52.325873529411794,4.870767647058823,399.9948999999999,L_station
52.40103035714284,4.944917857142859,363.0761999999999,L_station
52.340330612244905,4.896469387755103,397.2324,L_station
52.3508875,4.9142125,385.6445000000001,L_station
52.4052918367347,4.916540816326534,397.3155,L_station
52.36932727272728,4.917177272727273,398.80550000000005,L_station
52.36932727272726,4.928163636363636,399.04870000000005,L_station
52.40164444444444,4.903972222222222,386.4408000000001,L_station
52.41722419354838,4.8859822580645185,308.00219999999996,L_station
52.38371086956522,4.852954347826087,394.83970000000005,L_station
52.38193571428571,4.820502380952383,398.3114,L_station
52.36837499999998,4.83930357142857,399.37800000000004,L_station
52.371654347826095,4.848726086956521,397.0227,L_station
52.34699767441862,4.887379069767443,380.914,L_station
52.36226410256409,4.807161538461537,398.83740000000006,L_station
52.36951666666666,4.866704761904764,399.6747999999999,L_station
52.39312835820897,4.914931343283583,364.6469999999999,L_station
52.35431964285715,4.93286607142857,397.83270000000005,L_station
52.35752500000002,4.807383333333333,398.7914,L_station
52.375927272727296,4.821176363636363,399.8405,L_station
52.38096904761907,4.801688095238094,399.7601999999999,L_station
52.37412857142857,4.923378571428572,399.35210000000006,L_station
52.350821874999994,4.859618749999999,399.7127000000001,L_station
52.36409999999999,4.898944444444444,395.0636999999999,L_station
52.354686363636354,4.788290909090908,397.726,L_station
52.36961749999999,4.879272500000001,394.7163,L_station
52.34504385964913,4.864950877192982,399.6791000000001,L_station
52.34878333333334,4.877009523809521,397.1865000000002,L_station
52.35824375,4.99004375,373.0644,L_station
52.34541799999999,4.870088,398.2657999999998,L_station
52.36451176470587,4.802455882352944,398.7386,L_station
52.389100000000006,4.88755652173913,399.99909999999994,L_station
52.346849999999996,5.0051,369.57989999999995,L_station
52.361062499999996,4.9812125,399.83930000000004,L_station
52.352165079365086,4.943446031746033,398.33599999999996,L_station
52.3571392857143,4.854989285714285,399.3615,L_station
52.375593548387116,4.939900000000001,399.08359999999976,L_station
52.35702142857144,4.902014285714285,398.32529999999997,L_station
52.369329032258065,4.923709677419357,396.02080000000007,L_station
52.35613333333334,4.914183333333334,385.68999999999994,L_station
52.35669999999998,4.9360928571428575,394.55929999999995,L_station
52.34749137931035,4.874093103448277,399.0279000000001,L_station
52.372091304347826,4.947582608695652,399.0006000000001,L_station
52.3738,4.896870588235295,396.20959999999997,L_station
52.331892982456125,4.882594736842104,399.0790999999999,L_station
52.3566076923077,4.997399999999999,393.15639999999996,L_station
52.36946666666667,4.892455555555555,393.2541,L_station
52.36195526315789,4.869484210526316,399.22389999999996,L_station
52.33475555555555,4.918066666666666,305.77160000000003,L_station
52.35731590909091,4.924931818181817,396.4352,L_station
52.358704999999986,4.7915350000000005,399.97009999999995,L_station
52.34658727272729,4.905459999999999,397.42400000000015,L_station
52.37554545454546,4.945090909090909,397.52650000000017,L_station
52.34265102040818,4.907497959183676,399.13539999999995,L_station
52.37564999999999,4.847802631578948,396.76279999999997,L_station
52.36698,4.8945333333333325,393.2837999999999,L_station
52.37734482758623,4.7998724137931035,399.2365999999999,L_station
52.35288750000001,4.8542675,399.88739999999996,L_station
52.3544,4.994144444444444,371.1147,L_station
52.36556341463416,4.8683000000000005,396.63650000000007,L_station
52.381206666666685,4.88613,397.9881,L_station
52.369443243243246,4.8532702702702695,398.9506999999999,L_station
52.3456275862069,4.915665517241378,346.36780000000005,L_station
52.38085609756099,4.824843902439025,397.007,L_station
52.36349545454546,4.895568181818183,390.0951,L_station
52.37225555555555,4.877119444444444,399.8764,L_station
52.36647692307692,4.91085,389.8290999999999,L_station
52.35298571428571,4.8647,399.0894,L_station
52.3801052631579,4.871286842105264,363.3859999999999,L_station
52.37447741935484,4.902129032258064,392.5089,L_station
52.362083333333324,4.929193333333334,397.68589999999983,L_station
52.36004749999999,4.9137900000000005,397.9366,L_station
52.37121282051282,4.872664102564103,393.90079999999995,L_station
52.33368571428572,4.872278571428573,399.6668999999999,L_station
52.356356,4.892799999999999,396.6318999999999,L_station
52.366844,4.8629,399.4335,L_station
52.35291612903228,4.938153225806452,397.3283,L_station
52.37564042553193,4.882519148936172,397.1435000000001,L_station
52.36950571428572,4.940811428571428,394.68589999999983,L_station
52.332967567567565,4.8767162162162165,397.5613000000001,L_station
52.354087878787894,4.922431818181819,396.59940000000006,L_station
52.37424285714286,4.810966666666668,399.95220000000006,L_station
52.40947391304349,4.924442028985507,298.0375999999999,L_station
52.37616862745099,4.804100000000001,398.3272,L_station
52.35802727272727,4.911384848484846,399.55400000000003,L_station
52.34412195121951,4.860478048780488,399.98240000000004,L_station
52.37591857142857,4.827820000000001,291.7906000000001,L_station
52.361144827586195,4.8980310344827585,398.48109999999997,L_station
52.381751111111136,4.882164444444446,399.27269999999993,L_station
52.35859565217392,4.993508695652174,380.9504,L_station
52.37609545454545,4.796819696969696,394.92599999999993,L_station
52.38372380952381,4.879257142857143,399.10679999999996,L_station
52.367937142857144,4.881997142857143,396.7750999999999,L_station
52.35503513513514,4.8702000000000005,398.27110000000005,L_station
52.34968695652174,4.840260869565217,397.9040999999999,L_station
52.35702702702702,4.8884243243243235,397.9965,L_station
52.36716909090909,4.85104181818182,396.10269999999997,L_station
52.37256428571428,4.865247619047619,389.3877,L_station
52.406653846153866,4.919789743589745,341.4462,L_station
52.39917173913043,4.91285,395.6595,L_station
52.36625937499999,4.857021875,395.85989999999987,L_station
52.38730499999999,4.920993333333332,399.8593000000002,L_station
52.348615151515155,4.9214909090909105,366.8678000000001,L_station
52.38108076923077,4.888480769230769,399.8725,L_station
52.38076744186044,4.79079069767442,321.7912,L_station
52.353965,4.999524999999999,376.7266,L_station
52.365115,4.881855,396.55949999999996,L_station
52.3772524590164,4.8107000000000015,290.6066,L_station
52.343157627118664,4.910301694915255,332.18600000000004,L_station
52.397285714285715,4.8744571428571435,397.14149999999995,L_station
52.35044583333334,4.796299999999999,396.0782,L_station
52.33102222222223,4.872444444444444,399.76,L_station
52.389965789473685,4.877676315789474,388.4607,L_station
52.3630034482759,4.798556896551724,399.3977,L_station
52.36380588235294,4.9052323529411765,397.4425,L_station
52.378040476190485,4.850733333333333,399.29499999999996,L_station
52.412207272727265,4.919296363636365,278.92080000000004,L_station
52.36147096774194,4.893293548387097,395.3013999999999,L_station
52.36389473684212,4.875578947368421,397.61800000000005,L_station
52.37499636363636,4.873334545454546,397.64799999999997,L_station
52.37536774193549,4.887722580645162,397.0814000000001,L_station
52.36572800000002,4.842129999999998,398.20149999999995,L_station
52.352691836734664,4.884683673469387,399.42389999999995,L_station
52.35452258064516,4.879022580645161,399.7726,L_station
52.38538749999999,4.892575,397.3152,L_station
52.36692413793104,4.865662068965517,397.1953,L_station
52.37654615384616,4.900215384615385,395.73279999999994,L_station
52.36337916666667,4.917054166666666,303.9089,L_station
52.3790125,4.8607499999999995,139.712,L_station
52.3685347826087,4.905426086956521,347.86229999999995,L_station
52.35105925925927,4.906025925925925,347.57290000000006,L_station
52.391675757575754,4.8752818181818185,397.8467000000001,L_station
52.349590909090914,4.83810303030303,399.24249999999995,L_station
52.35242499999999,4.8909,399.1784,L_station
52.35331428571428,4.7972785714285715,398.56010000000003,L_station
52.37201,4.852006000000001,396.2092000000001,L_station
52.353948,4.892799999999999,399.9017000000001,L_station
52.34777368421055,4.9086421052631595,363.7382,L_station
52.37203555555554,4.861817777777778,398.42,L_station
52.37378399999999,4.858066000000001,398.80299999999994,L_station
52.35539999999999,4.8727285714285715,398.42159999999996,L_station
52.36707169811321,4.943420754716983,394.1473000000001,L_station
52.37150714285713,4.893171428571428,399.42010000000005,L_station
52.375109375,4.842843750000001,396.65970000000004,L_station
52.35040000000002,4.896491071428571,399.94019999999983,L_station
52.373886666666635,4.870111666666667,374.4519000000001,L_station
52.38321891891893,4.8851324324324334,385.7673999999999,L_station
52.38414565217391,4.875119565217392,394.15,L_station
52.35899767441862,4.7943162790697675,397.07990000000007,L_station
52.353514705882354,4.868055882352941,396.4404,L_station
52.352672500000004,4.9038425000000005,398.31569999999994,L_station
52.346126470588246,4.889688235294118,398.5134,L_station
52.37174000000002,4.901853333333334,383.33680000000004,L_station
52.341601388888876,4.89994861111111,397.2552000000001,L_station
52.361139130434786,4.851521739130435,398.6426,L_station
52.362206666666665,4.900930000000001,391.3985,L_station
52.34756266666668,4.862484000000001,399.5719999999998,L_station
52.36970526315789,4.8843736842105265,397.7254,L_station
52.3613744680851,4.855076595744679,397.9777,L_station
52.34768666666666,5.0109466666666655,393.1794,L_station
52.366555000000005,4.928330000000001,397.3235999999998,L_station
52.37809,4.886430000000001,387.23670000000004,L_station
52.35311739130435,4.84898043478261,399.4693000000001,L_station
52.3653127272727,4.854045454545455,398.56100000000004,L_station
52.34924761904762,4.9014952380952375,398.3825,L_station
52.39036666666667,4.891722222222223,279.41350000000006,L_station
52.37768769230771,4.8741323076923075,390.5644999999999,L_station
52.38719,4.885680000000002,393.2172,L_station
52.34608620689655,4.897005172413792,399.507,L_station
52.35301428571427,5.005328571428572,229.47969999999998,L_station
52.36253414634147,4.909431707317072,388.1375,L_station
52.369469230769226,4.859842307692308,399.6238,L_station
52.388236000000006,4.881120000000001,370.4849,L_station
52.35736842105264,4.921833333333335,389.81969999999995,L_station
52.376416666666664,4.893983333333333,398.93639999999994,L_station
52.390535000000014,4.881995,398.16370000000006,L_station
52.384660000000004,4.871531428571428,399.6012000000001,L_station
52.37249199999999,4.905119999999999,386.73169999999993,L_station
52.35427272727272,4.874924999999998,378.93330000000003,L_station
52.36206000000001,4.883966666666667,396.8895,L_station
52.35039411764707,4.889529411764706,398.5489,L_station
52.35096153846153,5.002207692307692,263.878,L_station
52.36930294117647,4.912997058823529,374.11620000000005,L_station
52.353917857142854,4.910860714285714,378.18179999999995,L_station
52.35421764705884,4.794514705882352,387.3836000000001,L_station
52.37562500000001,4.878086666666666,389.09400000000005,L_station
52.37951481481482,4.852955555555557,394.81840000000005,L_station
52.34588269230768,4.892859615384614,368.4426999999999,L_station
52.382659183673475,4.872877551020406,391.64199999999994,L_station
52.36234722222222,4.889219444444444,397.66849999999994,L_station
52.35488717948718,4.90383076923077,398.06680000000006,L_station
52.384031818181825,4.890104545454545,394.67519999999996,L_station
52.3604269230769,4.905334615384616,367.33079999999995,L_station
52.34530545454545,4.9009836363636365,356.06649999999996,L_station
52.37019444444445,4.908566666666667,390.38439999999997,L_station
52.381178260869575,4.877147826086957,336.1344,L_station
52.34216885245898,4.904111475409838,321.66680000000014,L_station
52.34892083333333,4.8348875,399.45270000000005,L_station
52.37844565217393,4.880202173913043,383.69739999999996,L_station
52.368975,4.887641666666668,398.90610000000004,L_station
52.34601481481481,4.859405555555555,399.8424,L_station
52.35265714285713,4.8882771428571425,398.31329999999997,L_station
52.380146153846155,4.891196153846153,399.3987,L_station
52.363380769230766,4.886457692307692,394.7962,L_station
52.36785199999999,4.897496000000001,397.1734,L_station
52.36727391304349,4.90135652173913,394.2398,L_station
52.377210000000005,4.891853333333334,396.8998,L_station
52.36634878048781,4.875287804878048,398.4969,L_station
52.35821578947368,4.8785,387.29220000000004,L_station
52.35187450980393,4.9004941176470584,398.83069999999987,L_station
52.370428571428555,4.8992249999999995,399.0199,L_station
52.35714358974359,4.875500000000001,399.75379999999996,L_station
52.3722347826087,4.898034782608695,397.8265000000001,L_station
52.36511714285715,4.878634285714287,395.2374,L_station
52.3614875,4.878906250000001,378.5446999999999,L_station
52.35166,5.00806,374.0962999999999,L_station
52.37141111111111,4.889916666666666,399.45480000000003,L_station
52.36553333333333,4.89115,398.9068,L_station
52.37851282051284,4.883458974358976,397.3655999999999,L_station
52.37165599999999,4.887556,399.4412,L_station
52.37097391304347,4.895869565217392,398.70559999999995,L_station
52.3638383126103,4.867815870059458,2786.4289999999996,M_station
52.41696538686509,4.8857775766362765,2939.5400999999997,M_station
52.345363085840006,4.865175776853122,2754.4123,M_station
52.36564540043489,4.878790275831128,2757.9478999999997,M_station
52.34321397491616,4.922356140444121,2611.8920999999996,M_station
52.35072773838481,4.853946902563017,2790.7846,M_station
52.35100252470704,4.796707178649915,2749.0775000000003,M_station
52.376712727193436,4.893266593406594,2773.5703,M_station
52.35631918095925,4.875461672518469,2747.8644,M_station
52.360316469318015,4.86203476574016,2785.765,M_station
52.37308614223061,4.8995434861574365,2763.2248,M_station
52.34973373441234,4.876903218944463,2735.1617,M_station
52.363934832797675,4.897945675838803,2761.7529999999997,M_station
52.370396909147686,4.909592440739141,2666.6854999999996,M_station
52.355963954650235,4.903824938120548,2705.8847,M_station
52.37012073897886,4.8889518488047035,2789.6304999999998,M_station
52.37032061302783,4.893141285760682,2780.9312999999997,M_station
52.356462239474055,4.921212706498183,2656.9923,M_station
52.390491368596535,4.876017065347206,2714.2625,M_station
52.36013114796419,4.8520652444997845,2786.0355,M_station
52.37977734985139,4.8724216856617435,2674.7932999999994,M_station
52.3569029403597,4.911758435623845,2734.3605,M_station
52.36685623860285,4.842559292896712,2782.6464000000005,M_station
52.37827656810243,4.842533840681875,2787.0211999999997,M_station
52.34830435649753,4.838200144322551,2735.2258999999995,M_station
52.38783528354979,4.887250469916558,2633.2688000000003,M_station
52.3548516308805,4.896044233389103,2784.7531999999997,M_station
52.343205462827044,4.894766282945009,2667.9918,M_station
52.405018661612715,4.917976270582421,2887.5464,M_station
52.37575546122857,4.880838439305882,2776.2748,M_station
52.35680532242036,4.9346087024048115,2780.0211,M_station
52.35389460692745,4.889893750617364,2788.0989,M_station
52.36351704120729,4.928709642773365,2787.726999999999,M_station
52.37064986748626,4.871370288438153,2748.6225999999997,M_station
52.378004183454024,4.812143497222931,2919.9096000000004,M_station
52.38032941980204,4.884571256339952,2751.2003999999997,M_station
52.3970123672982,4.935100110493801,2791.2204999999994,M_station
52.37205317282103,4.9267520953232635,2784.4808,M_station
52.36393488791865,4.941047580756686,2788.8284000000003,M_station
52.37119771762498,4.858178929683983,2788.5197,M_station
52.36147825887957,4.799842272943871,2790.0112,M_station
52.380156189421896,4.826735910939253,2786.8211,M_station
52.347396979156514,4.81013198808537,2855.3688,M_station
52.3570117639069,4.829094338087093,2744.3349000000003,M_station
52.38031119361692,4.855028200523784,2920.2007000000003,M_station
52.36086335626362,4.885867186739743,2761.668,M_station
52.3448116149257,4.904805090042739,2965.8546000000006,M_station
52.3447378003904,5.0059980746337,2625.7691,M_station
52.39537943718563,4.955292423989132,2936.2331,M_station
52.33021738441678,4.880474353380824,2791.3947,M_station
52.32930359268675,4.86651604226576,2602.3178,M_station
52.392547942451166,4.911250081190648,2936.7928,M_station
52.31831703979742,4.964857072593234,2792.4285,M_station
52.36229999132701,4.989452821011887,2916.1928,M_station
52.40404401867839,4.896944414693268,2711.7699,M_station
52.38508523877893,4.794180984977467,2941.8515999999995,M_station
52.37246199695507,4.954866962195945,2986.8081,M_station
52.362630215490135,4.780950419450582,2901.3360999999995,M_station
52.395151726467326,4.851361986782874,2441.2915,M_station
52.29873764836178,4.9726554764089315,2792.3805,M_station
52.38379084074689,4.930334027923955,2704.6958999999997,M_station
52.34271477460975,4.9615807619888175,2700.2702,M_station
52.36293087099967,4.930356767260108,72242.5576,H_station
52.36689376059738,4.856283348746648,99813.5906,H_station
