latitude,longitude,voltage,type
51.4426272727273,5.434780519480518,396.992457,L_station
51.438792000000014,5.438721999999999,397.407625,L_station
51.43950000000002,5.449942857142858,398.507736,L_station
51.438006521739126,5.460063043478262,399.721519,L_station
51.44201041666668,5.464689583333334,395.392515,L_station
51.44589555555556,5.47121111111111,398.820428,L_station
51.44772702702701,5.476859459459461,395.015562,L_station
51.45122142857142,5.474732142857143,357.864156,L_station
51.449736666666674,5.468100000000002,399.894149,L_station
51.448914893617015,5.4630531914893625,399.395681,L_station
51.45406285714286,5.4579299999999975,397.22542,L_station
51.458862711864406,5.460296610169491,396.425823,L_station
51.461764705882345,5.467141176470588,398.978452,L_station
51.46458266666667,5.458945333333332,393.798783,L_station
51.47118783783783,5.461095945945945,399.590088,L_station
51.477641891891906,5.463883783783784,398.319599,L_station
51.474316,5.473605333333334,395.835172,L_station
51.47242647058824,5.482433823529412,397.022149,L_station
51.46530632911394,5.485610126582279,398.770023,L_station
51.46196406250001,5.477190625000003,390.205408,L_station
51.46822903225805,5.473170967741936,395.301294,L_station
51.47388474576273,5.470501694915252,398.044043,L_station
51.48375576923077,5.465003846153845,397.71033,L_station
51.482837878787876,5.47744393939394,396.562454,L_station
51.48047187500001,5.485809374999999,397.32582,L_station
51.47971388888889,5.498297222222222,398.864005,L_station
51.47473787878789,5.49584696969697,395.897269,L_station
51.46900933333335,5.493222666666667,398.366532,L_station
51.4620523076923,5.493913846153845,396.908935,L_station
51.45693600000001,5.483830666666669,396.698415,L_station
51.4558611111111,5.473542592592593,399.491526,L_station
51.45355945945945,5.467816216216216,398.434373,L_station
51.44571153846153,5.480950000000001,394.519251,L_station
51.43996923076923,5.478738461538462,355.908111,L_station
51.43774615384616,5.480415384615385,394.29124,L_station
51.43567368421052,5.4839157894736825,384.491067,L_station
51.43196923076922,5.484943589743589,399.549525,L_station
51.433524,5.490316000000002,399.122414,L_station
51.427883673469395,5.489726530612242,395.765166,L_station
51.42375000000001,5.488482692307692,399.43344,L_station
51.419234848484884,5.490296969696971,395.076171,L_station
51.41812686567165,5.498611940298505,399.95043,L_station
51.42031612903226,5.507856451612902,397.27916799999997,L_station
51.42416896551724,5.512682758620688,399.942132,L_station
51.42753571428571,5.504559523809521,399.154407,L_station
51.42639868421051,5.495802631578948,390.404366,L_station
51.41934814814816,5.499920370370369,398.08401299999997,L_station
51.41441999999999,5.487144999999998,334.506942,L_station
51.42212162162162,5.485327027027027,393.445382,L_station
51.43078510638299,5.476031914893617,398.00597600000003,L_station
51.428892000000026,5.468484000000002,392.84463999999997,L_station
51.433111764705885,5.465457352941177,394.734997,L_station
51.43592058823529,5.472438235294116,373.983492,L_station
51.43877222222222,5.472049999999999,383.879401,L_station
51.43957692307693,5.475276923076923,371.22787700000003,L_station
51.436989999999994,5.4769000000000005,390.366712,L_station
51.43732195121953,5.47821463414634,382.510802,L_station
51.43937142857142,5.494739285714286,398.833231,L_station
51.439633333333326,5.501752083333334,397.394245,L_station
51.43902244897959,5.507636734693878,391.017258,L_station
51.44343333333334,5.5145569444444416,392.794214,L_station
51.44315142857144,5.5245042857142845,393.479465,L_station
51.436887719298234,5.519061403508771,399.80439,L_station
51.43570392156863,5.5110215686274495,399.970267,L_station
51.44677894736842,5.503771052631578,399.905256,L_station
51.45069852941178,5.52095294117647,393.17831,L_station
51.47870508474575,5.499516949152543,392.38365699999997,L_station
51.487423076923065,5.483769230769231,394.231153,L_station
51.4910552631579,5.476602631578946,394.07536999999996,L_station
51.48873488372094,5.463841860465116,399.01581,L_station
51.48789666666668,5.446078333333336,394.531873,L_station
51.48472075471697,5.437988679245285,391.203696,L_station
51.481248076923094,5.445665384615383,398.576295,L_station
51.47925333333332,5.452991111111112,395.7812,L_station
51.477122222222214,5.433797222222221,398.537853,L_station
51.48002758620689,5.427141379310345,346.426707,L_station
51.48931470588235,5.437470588235294,398.526883,L_station
51.46773404255319,5.448059574468085,398.403562,L_station
51.44748695652174,5.44500724637681,394.171282,L_station
51.4464125,5.454174999999999,398.714867,L_station
51.44314666666666,5.454956666666665,391.14304000000004,L_station
51.43847741935484,5.451564516129032,398.485841,L_station
51.42607951807231,5.455034939759035,398.128899,L_station
51.420456000000016,5.450893333333331,399.430167,L_station
51.42101999999999,5.460788000000001,384.162776,L_station
51.42389361702127,5.464531914893616,393.213865,L_station
51.41654054054055,5.448479729729732,398.986222,L_station
51.41581129032259,5.437116129032257,376.138082,L_station
51.4224724137931,5.438006896551724,399.559209,L_station
51.42912413793103,5.441582758620692,399.441779,L_station
51.440082352941175,5.418435294117647,398.264375,L_station
51.43597037037037,5.41317037037037,393.785752,L_station
51.438067567567565,5.399283783783785,397.412309,L_station
51.445794285714285,5.408802857142855,393.817431,L_station
51.449950000000015,5.407704545454546,380.707081,L_station
51.45044615384616,5.482384615384614,191.206081,L_station
51.44234897361009,5.44702125797084,2775.422848,M_station
51.43837123187996,5.471376059904139,2697.082318,M_station
51.4339358684925,5.483441095839569,2727.133499,M_station
51.44011873320757,5.507505581850533,2779.7188610000003,M_station
51.43023108559674,5.509468423269026,2771.521861,M_station
51.42149127897136,5.483268506317687,2708.47087,M_station
51.42164341437994,5.447414541003824,2755.847134,M_station
51.44604555351502,5.471480465408322,2740.244224,M_station
51.458665367803825,5.466123221968888,2774.559785,M_station
51.474360551018094,5.4717336412348,2780.674799,M_station
51.48551298114753,5.467728055487369,2772.6715560000002,M_station
51.47792481680266,5.44510470781127,2730.445019,M_station
51.46396037502943,5.483181028757648,2968.589269,M_station
51.44244555591306,5.40724038918789,1565.722573,M_station
51.44836112766912,5.468720498286557,37548.104616000004,H_station
