latitude,longitude,voltage,type
52.16071764705881,4.478356862745098,385.4787,L_station
52.16012142857143,4.484857142857143,377.6342,L_station
52.161675,4.488335714285713,388.48019999999997,L_station
52.161145945945954,4.493254054054055,397.641,L_station
52.15840869565218,4.491756521739131,397.1293,L_station
52.15751666666666,4.488316666666665,399.5502,L_station
52.154089583333324,4.487675,385.1929,L_station
52.150306666666665,4.489853333333333,398.1819,L_station
52.14818266666664,4.497077333333332,396.16,L_station
52.15102499999999,4.503264285714287,393.5961,L_station
52.15526326530613,4.499204081632652,396.5611,L_station
52.15915714285715,4.501316666666666,389.608,L_station
52.158526470588235,4.496449999999999,386.1684,L_station
52.16177368421051,4.498121052631578,384.9094,L_station
52.164240000000014,4.502742857142857,398.2376,L_station
52.1671765625,4.500476562499999,396.9082,L_station
52.165238,4.494337999999999,394.0793,L_station
52.16693617021278,4.48915744680851,379.9217,L_station
52.170669230769235,4.4928346153846155,394.9398,L_station
52.17118421052632,4.483381578947369,399.8681,L_station
52.172700000000006,4.473865909090908,382.082,L_station
52.16579600000001,4.480472000000001,385.6007,L_station
52.16291818181817,4.484190909090909,397.96479999999997,L_station
52.16005416666666,4.488808333333334,395.7527,L_station
52.15555161290322,4.494264516129032,392.086,L_station
52.15099245283019,4.486201886792454,393.2364,L_station
52.148286842105264,4.478626315789474,395.4651,L_station
52.144874999999985,4.4755433333333325,396.4797,L_station
52.141098275862056,4.476462068965517,398.0763,L_station
52.14252499999999,4.469556578947371,399.3567,L_station
52.14979148936173,4.470548936170214,391.20050000000003,L_station
52.15588387096773,4.465232258064515,374.8062,L_station
52.15593018867925,4.460311320754717,390.564,L_station
52.156480357142854,4.452721428571427,395.5223,L_station
52.15250322580645,4.446635483870968,391.1688,L_station
52.15129782608695,4.455421739130436,382.8549,L_station
52.14730208333332,4.450254166666666,398.0137,L_station
52.156962790697676,4.457986046511627,399.5281,L_station
52.160226415094336,4.469415094339622,369.468,L_station
52.15916000000001,4.470842222222222,396.1191,L_station
52.1531886792453,4.477347169811321,399.4831,L_station
52.152125,4.482379999999999,326.3737,L_station
52.14419062500001,4.488140624999999,384.1076,L_station
52.144422222222225,4.493433333333332,395.3483,L_station
52.147123333333326,4.506476666666667,395.6925,L_station
52.15001818181816,4.51567727272727,395.6517,L_station
52.15451052631579,4.517554385964913,399.4481,L_station
52.16198500000001,4.511899999999999,387.1171,L_station
52.16552195121951,4.509458536585367,392.6919,L_station
52.16738730158731,4.511168253968253,392.5461,L_station
52.17365178571428,4.509825,396.2681,L_station
52.17634791666668,4.506270833333333,399.4189,L_station
52.17445636363635,4.502556363636363,344.6883,L_station
52.179433333333314,4.501011764705884,393.2958,L_station
52.18119605263157,4.510047368421056,398.3145,L_station
52.17110999999999,4.511851428571427,399.7962,L_station
52.15753770491803,4.506916393442624,393.8898,L_station
52.151785714285715,4.510516326530612,394.2228,L_station
52.15067647058824,4.48145294117647,319.4947,L_station
52.16020168377627,4.486374592959714,2741.9901,M_station
52.15842226096131,4.498503823508086,2740.8637,M_station
52.16774832547684,4.49879491172253,2701.4668,M_station
52.17301591284759,4.508867806999993,2766.7567,M_station
52.162591310833385,4.474365176067994,2707.4272,M_station
52.152895423015465,4.4562684459537225,2748.8523,M_station
52.14722557734081,4.478603303572088,2628.4826,M_station
52.148477156746026,4.495131511054422,2748.2793,M_station
52.15210480747322,4.514582661740932,1189.3226,M_station
52.15807582871899,4.490165803731054,22973.4413,H_station
